188.96
122.32
121.53
151.21
123.16
164.16
137.37
125.33
192.88
101.97
122.11
111.26
127.46
165.41
102.64
140.82
179.99
183.16
154.03
141.62
164.32
164.01
149.14
106.25
171.65
129.03
191.57
101.49
103.39
172.99
183.26
143.38
105.21
179.16
177.50
124.05
164.03
111.18
146.96
139.78
134.32
157.73
152.21
136.09
193.36
111.81
130.97
155.31
185.55
124.71
140.84
145.08
105.62
186.74
178.95
161.66
187.54
151.79
170.82
181.42
111.32
140.66
167.73
115.57
113.66
129.54
117.05
108.84
189.84
154.15
173.03
190.86
104.11
137.53
197.02
140.75
183.86
180.05
155.69
119.87
158.59
134.05
163.03
125.59
119.23
121.94
128.08
119.64
115.42
147.06
163.92
188.90
178.69
189.18
185.41
103.13
158.32
173.02
173.48
145.08
183.05
147.42
111.76
100.99
116.65
115.14
107.82
116.78
158.37
108.89
195.68
144.24
150.25
117.93
179.00
124.68
192.46
131.43
114.87
183.18
134.94
179.41
157.14
135.65
109.51
120.65
175.05
143.04
189.50
147.77
138.30
182.22
116.13
154.06
112.46
141.65
110.42
134.21
140.44
191.09
197.36
171.59
194.96
119.61
105.15
198.33
174.56
183.71
166.31
101.44
181.49
158.23
140.12
187.97
163.59
136.81
195.73
115.49
124.48
185.80
144.35
140.05
105.92
115.68
185.19
133.47
125.22
197.46
134.80
173.97
106.13
118.20
142.34
119.82
176.75
139.04
154.36
134.38
120.10
192.41
181.71
142.67
154.17
130.38
138.65
164.75
186.66
115.63
169.61
188.81
137.04
128.39
152.43
118.63
143.22
147.87
168.73
153.96
173.74
155.39
161.88
139.96
147.49
197.56
160.74
152.47
122.44
142.89
133.57
169.37
152.68
162.42
150.64
115.46
128.50
166.51
176.22
157.78
108.34
133.35
181.24
171.72
123.17
172.14
166.28
194.30
184.22
174.28
111.30
130.37
153.07
118.89
123.28
179.77
139.27
115.86
135.87
109.47
175.60
189.19
126.08
102.72
183.17
125.81
152.39
179.79
179.67
141.47
185.84
199.37
102.64
143.89
100.92
117.73
116.83
105.65
116.99
104.36
149.71
194.46
132.20
186.64
152.33
147.08
171.97
123.75
114.31
114.26
181.90
190.72
170.99
149.09
130.90
186.95
128.41
158.61
154.71
170.48
197.68
189.68
162.13
159.33
173.94
173.73
146.64
134.05
117.08
112.70
194.77
122.05
191.83
148.07
159.17
143.45
102.48
118.89
169.06
150.72
114.39
180.69
183.74
199.86
188.56
127.23
155.81
149.64
168.29
129.39
160.00
197.20
147.66
181.85
160.66
123.20
120.38
126.61
136.48
137.98
154.52
105.16
154.49
191.04
163.76
175.94
187.10
130.77
149.11
122.24
195.67
178.72
166.13
167.18
162.03
113.16
132.47
107.19
135.44
140.44
127.92
172.74
176.53
169.61
155.07
126.64
122.28
195.44
122.28
113.37
166.12
138.22
182.83
180.92
146.28
184.91
114.32
106.08
161.67
125.49
150.15
168.16
189.67
180.73
181.84
132.09
163.06
173.34
135.05
121.87
174.31
102.97
184.73
187.84
114.62
147.48
115.99
197.27
122.38
127.70
155.42
106.73
111.20
141.23
195.28
106.75
171.09
191.62
107.60
164.70
188.12
113.99
198.62
129.98
107.58
125.34
185.43
107.41
173.71
108.44
185.85
148.93
114.92
171.89
100.63
161.97
107.80
115.73
132.36
183.23
145.27
172.00
129.54
121.04
154.81
182.59
166.20
126.28
161.22
122.97
167.57
112.29
164.85
179.77
170.43
107.52
111.33
142.56
163.25
191.07
161.39
175.68
185.62
131.17
130.80
194.78
179.08
119.07
159.05
184.57
172.21
166.91
183.46
158.99
151.60
117.10
139.95
183.35
117.51
192.84
185.95
149.10
147.76
104.64
142.20
116.04
197.09
116.17
180.08
114.48
140.02
164.19
139.02
130.25
125.33
121.95
144.58
179.18
147.31
193.26
111.97
114.59
154.97
125.28
162.00
101.11
114.27
131.94
146.91
131.33
110.22
127.42
182.05
157.92
125.85
178.84
106.08
163.28
163.47
101.13
147.09
191.00
179.66
133.39
154.90
119.21
190.17
155.60
171.07
164.51
163.36
127.39
146.95
166.85
161.67
156.53
187.76
120.92
109.23
133.60
195.75
187.54
160.93
101.56
109.36
139.63
123.29
164.35
186.68
171.89
130.59
176.51
161.44
130.57
111.21
198.07
107.71
100.35
188.51
142.84
185.31
119.11
148.26
196.55
102.41
177.97
170.23
131.77
123.79
104.20
165.57
100.89
173.76
117.48
183.33
145.27
131.40
196.17
149.96
119.03
192.16
189.77
183.33
189.54
174.95
165.90
179.67
142.68
186.42
185.97
105.99
191.19
115.64
162.13
143.14
156.62
120.95
160.26
115.69
171.62
188.59
178.28
113.17
128.24
187.84
147.49
154.72
179.90
120.85
175.67
173.78
190.19
167.36
174.89
103.20
109.69
153.92
194.71
121.92
154.03
135.27
111.79
184.44
150.36
161.78
110.57
191.38
117.81
120.54
126.77
175.47
147.94
180.48
115.16
171.12
155.40
142.01
146.13
107.49
176.14
190.21
131.98
115.36
100.57
177.47
132.92
166.10
142.87
115.98
195.40
167.56
163.56
143.66
130.77
125.95
182.68
137.87
151.21
145.69
143.20
190.75
141.45
179.63
110.46
126.87
159.84
161.02
122.31
139.81
130.47
145.65
136.81
147.30
109.07
167.58
159.44
116.71
179.83
165.07
170.53
191.92
167.82
164.80
114.62
161.11
131.97
121.81
158.50
140.57
137.63
100.32
172.24
113.91
194.18
146.13
138.43
158.60
183.46
145.41
148.83
111.74
197.51
186.31
104.88
175.87
150.58
140.28
198.61
142.06
129.47
158.05
113.90
112.45
198.97
131.37
154.77
137.24
184.39
106.58
176.60
142.08
112.10
148.09
169.34
111.30
100.90
141.07
117.30
109.25
161.55
191.16
139.52
167.74
180.47
126.19
196.33
141.12
134.22
129.85
133.44
131.92
106.15
140.60
123.07
120.10
153.73
130.35
153.05
186.64
105.80
137.04
109.62
108.26
152.66
162.61
197.34
114.37
128.73
163.94
140.39
139.46
177.27
157.81
113.48
174.58
130.15
133.16
158.03
120.31
131.30
113.87
148.91
169.81
182.30
143.71
191.21
105.96
190.58
171.09
142.28
178.88
156.63
196.22
174.44
141.66
145.01
105.34
116.13
160.89
146.03
157.89
135.49
186.23
149.61
110.97
159.08
158.34
121.30
162.67
150.72
158.30
191.17
170.74
110.65
153.07
140.99
156.51
193.70
171.52
102.32
135.07
186.34
153.42
158.79
122.42
127.60
149.61
179.52
157.78
106.08
116.18
197.51
144.98
116.60
137.27
186.61
160.69
113.77
131.83
183.95
199.31
156.86
148.14
150.69
124.30
100.97
126.53
163.59
174.05
152.30
115.53
181.80
126.76
172.45
159.52
139.51
163.15
185.73
137.25
173.17
178.53
116.66
119.28
104.34
186.42
160.55
130.29
163.61
124.87
168.85
147.04
159.75
123.33
113.59
136.60
168.75
113.47
179.87
141.24
142.35
170.02
124.31
145.74
112.65
149.54
128.46
121.27
100.21
154.22
170.93
125.63
116.58
185.48
139.96
154.13
189.22
167.85
108.64
177.32
126.45
117.58
199.29
172.58
183.35
102.08
170.58
154.79
185.67
186.89
171.12
138.11
117.96
194.55
116.73
115.78
184.97
106.56
165.12
127.41
110.33
123.68
181.20
194.78
145.92
162.90
109.18
145.81
126.52
109.57
193.34
114.03
119.68
162.49
118.47
196.13
188.71
106.55
173.01
173.65
107.72
122.50
173.27
156.65
142.22
196.94
125.40
186.95
136.09
126.60
143.40
146.40
126.20
120.85
185.85
151.75
139.94
193.60
122.21
181.67
117.33
101.79
189.94
174.04
139.83
131.24
158.00
151.87
140.46
152.89
169.42
184.61
116.58
172.24
195.69
168.62
165.56
173.39
199.21
115.02
116.26
114.98
166.74
166.26
134.86
170.31
145.89
123.69
141.88
116.03
190.16
157.56
189.59
164.91
193.18
188.25
113.58
106.80
172.48
172.91
190.27
168.88
144.66
105.07
103.85
131.62
119.59
136.75
149.69
139.80
129.20
162.09
179.41
129.43
198.35
159.57
122.91
150.93
159.48
175.92
106.49
106.42
110.87
149.02
123.19
134.77
118.97
109.15
101.01
171.86
169.31
168.76
158.15
185.46
177.78
109.01
130.42
134.37
184.09
198.43
105.18
129.50
162.77
